177.7171
173.5735
176.7376
170.7359
176.5963
181.2204
181.4023
174.5815
173.4133
176.8689
173.7838
179.6618
164.9213
165.6447
178.8518
169.1205
173.4187
183.3014
171.8435
178.4321
180.0916
171.2374
173.4738
167.01
182.0787
174.8092
178.2883
161.474
180.3137
165.8431
173.2897
169.7949
176.5131
173.4565
174.6674
176.0414
186.0183
172.4951
180.5535
172.1043
178.01
174.5207
177.6672
180.0719
176.7754
178.0935
171.5964
166.7961
177.5548
177.0129
173.7067
167.6411
165.1729
168.9497
167.8339
184.7195
170.9051
173.9775
172.047
173.3313
163.9917
170.1192
170.6263
179.557
172.1628
171.1655
178.0802
168.3491
183.6609
173.9148
179.1415
174.1096
182.6366
181.7377
172.0507
167.8413
178.2408
179.9814
180.6077
171.7864
174.5834
166.1334
169.7664
176.6181
171.7266
177.8544
177.543
182.0513
178.2391
173.4795
163.2851
165.7051
171.291
174.4157
172.5705
183.3761
172.5383
175.6415
175.3117
173.305
171.8272
188.7897
170.4735
168.1347
178.3041
167.8628
169.3154
171.7062
171.6305
169.8571
169.3653
168.7499
175.8594
171.8
177.2392
183.0232
189.8189
175.5785
169.1856
169.5184
175.427
180.7763
176.909
176.7958
182.0732
175.5727
175.5559
173.9117
172.976
180.0806
176.0209
171.7277
176.0487
169.0904
171.1442
170.6902
166.0812
176.9922
174.5114
179.6154
184.2497
181.6573
170.9477
166.7839
171.7587
173.0581
173.2853
177.6435
171.8596
173.9869
174.0692
175.5006
173.8808
176.3657
174.7124
172.3243
172.1171
180.6349
178.4473
171.8745
181.5789
176.2905
166.8082
179.8647
180.9512
170.9036
176.1753
170.812
173.2728
178.6287
173.9546
175.4933
186.7331
181.3854
164.5138
179.5541
174.8381
178.1469
184.6325
182.5585
174.0828
181.0157
177.3897
172.4906
175.9357
172.4934
170.6504
170.4584
171.8579
180.5671
171.2159
173.9063
180.2761
176.3595
177.7749
169.0442
183.0762
178.1928
177.1737
181.108
173.745
185.3504
178.6829
182.9324
175.057
173.4066
177.1064
169.1365
183.8982
163.7309
174.7
169.3252
180.6815
176.2169
166.5669
170.7428
170.7868
174.1529
177.0906
179.7418
181.0126
171.406
172.0799
165.4662
172.9745
169.5918
169.2729
173.21
170.5257
174.4746
160.643
181.3145
181.2851
178.9146
171.3133
175.1902
176.021
173.8338
173.9263
176.6909
182.7335
173.1693
178.4622
176.1767
174.6032
182.4195
176.3074
190.3902
174.4527
171.1303
170.7248
177.5681
178.1037
182.3494
182.6714
167.1616
177.9893
178.5985
171.1401
177.4411
172.0879
176.9473
176.5906
166.2759
178.9866
170.5315
173.0916
175.9594
178.0292
187.9775
178.0623
172.3975
175.378
178.5161
175.5289
178.1374
175.9113
181.4979
171.3002
176.58
168.8008
176.0641
175.2049
173.2328
174.2889
174.73
171.1246
166.0788
179.2704
173.2994
171.1802
177.3201
168.2095
169.5375
179.5358
175.2202
169.7973
173.8796
177.313
174.6657
173.7567
175.3456
174.9802
170.9842
176.2967
168.5133
171.2949
165.9499
172.0488
171.5631
168.6008
171.6262
172.9584
164.0679
178.417
172.827
180.9191
170.4821
172.7598
175.9536
173.1221
190.3149
167.9937
178.5985
168.2267
173.822
180.1908
171.5991
189.2497
176.3049
173.1154
176.8141
169.3013
164.819
176.7554
181.1114
183.5176
165.5216
163.674
169.6509
165.8093
174.6082
171.6569
171.6381
179.2715
175.6015
179.9363
178.3911
175.5844
179.3373
170.7227
175.6405
174.0582
168.1553
173.4931
176.2136
176.5229
179.4749
175.3131
170.8873
175.7377
170.3659
168.7787
173.7859
181.3914
173.6364
170.9185
177.9324
179.935
173.9131
170.9671
168.488
173.4461
174.5385
170.9569
172.9332
187.6681
177.9863
183.2947
177.66
169.8194
179.605
175.7831
166.7046
174.9993
186.4361
166.179
177.0836
178.6959
172.0411
172.7287
178.0496
173.6204
178.7307
181.7944
167.9016
172.2704
173.2213
170.095
174.6767
171.8266
181.7769
166.612
173.2228
172.4058
168.3014
171.7234
173.2357
170.1416
177.1271
185.2676
167.1066
173.357
181.4274
170.9751
169.7433
165.4909
177.4319
174.5209
173.0643
180.9829
173.2137
179.186
172.5924
173.6234
170.725
185.0226
179.2197
174.04
178.3744
178.2039
184.0702
178.648
173.4111
178.5244
189.5574
167.6193
170.4642
180.3409
175.7648
175.6398
178.1794
175.4259
177.7073
171.3093
166.7376
179.948
177.7996
173.0639
169.7282
180.565
180.0798
170.0157
170.5377
176.7219
178.8949
176.5542
175.0444
175.4374
168.1678
171.9237
175.9591
167.4437
175.184
172.0786
179.4558
184.2786
180.1691
176.3946
175.6526
175.0557
173.9025
167.3319
177.0247
171.0865
171.3498
177.3686
176.932
181.6502
167.9683
177.335
176.032
174.2083
174.1083
178.1797
174.0675
171.3347
181.5229
176.5119
169.3657
172.9561
176.8345
172.6216
180.4066
170.3301
165.7651
170.0686
180.9102
177.673
177.366
173.4503
181.1063
178.3267
181.4652
176.0787
173.3646
174.7384
173.425
181.1477
172.3716
175.5882
174.0682
177.5308
181.8229
180.1875
179.6055
175.9803
184.2539
175.0447
174.189
173.1841
173.9429
174.6214
183.6176
175.6081
179.0507
175.162
181.9181
177.274
173.7245
175.1009
176.5127
176.5987
173.9862
182.2764
174.4363
173.3789
169.0545
174.5706
179.4659
185.6634
176.8049
183.4933
172.8596
175.0854
180.6386
180.451
176.9691
170.7659
174.337
171.1323
168.9736
172.5951
182.2192
181.0458
169.9697
175.1347
193.9676
184.9154
174.8704
177.6078
168.7546
177.8406
180.9668
174.1516
183.6133
181.5072
178.7923
166.9915
172.9308
184.1174
178.4242
170.1493
180.586
178.1138
174.5164
166.4878
180.5741
180.0696
176.6283
176.6051
175.6947
178.8532
167.4073
177.1862
174.8605
175.8905
169.6124
176.0794
181.4288
169.0445
177.5977
170.0922
168.8053
169.2983
177.4094
170.4292
180.3655
172.7508
178.4226
173.3725
173.7323
177.7269
161.6827
174.7269
167.0695
174.0291
176.6677
176.6562
175.2006
171.4266
164.5484
177.1693
176.0096
183.067
170.0433
185.2423
178.7393
177.3027
187.4379
174.642
171.7385
176.4174
166.1607
179.4905
173.665
190.9517
182.8749
179.1854
172.4179
174.2174
183.1225
183.3628
173.7029
165.4464
167.2932
174.6513
172.4734
169.8854
176.7226
176.0558
179.429
179.2444
177.6503
166.6106
168.1735
176.2945
172.5182
174.8888
177.0135
179.2271
179.4411
175.1385
177.2102
175.7135
175.5166
177.3641
173.2776
173.5346
174.348
178.2888
168.3315
165.2642
178.2672
177.6815
172.2416
172.0072
176.5473
173.3555
175.2687
170.652
180.9608
174.196
171.804
166.6791
172.6167
182.35
165.9087
176.3507
175.2221
162.5808
174.3365
174.8895
184.4542
180.8801
168.2067
185.7377
164.2484
179.6522
174.5593
169.5709
173.9667
179.4112
179.3052
173.4106
172.4338
180.901
163.1413
177.9482
170.7481
180.1743
178.1077
171.0214
172.8155
169.4042
176.4504
173.4118
180.3673
168.1017
170.4502
167.1599
172.3344
184.5017
172.3678
174.4803
171.5785
180.3373
165.5488
173.3312
184.1783
177.0218
173.3076
185.3328
173.8387
175.3282
168.6485
173.8705
167.1815
176.5248
175.4347
175.1668
174.2505
171.1421
175.9198
172.0811
173.2777
174.7875
168.1045
174.9522
164.7908
173.7256
173.4258
169.5858
172.8906
178.8721
172.0229
176.9865
174.8919
171.9464
175.2858
172.3856
175.2243
169.9453
178.3743
171.7969
177.2602
175.9041
174.6268
182.0866
170.7419
183.0089
179.2084
178.012
171.5823
173.8025
169.3449
176.6478
169.1545
171.5272
176.7562
168.1854
165.2252
179.3417
185.9882
173.1699
172.0618
176.2577
173.1687
170.9776
170.7064
179.4318
177.052
175.156
172.4971
185.3084
172.4155
177.7171
175.7838
180.9285
181.05
180.2142
181.7155
171.989
175.3941
178.9878
169.965
172.3759
182.1344
175.1146
180.025
169.4201
179.33
170.0825
187.5059
180.9198
169.0721
172.5997
166.0559
179.4181
178.4524
179.4076
164.0716
175.5532
175.5146
169.9119
168.0794
177.255
175.4466
171.4791
181.1669
174.2237
173.5139
180.8463
168.6584
181.4738
181.7179
173.3146
166.3001
167.1662
164.1653
173.9544
171.205
169.6843
163.1358
173.0811
178.686
173.0693
182.1977
177.255
166.7737
174.7277
172.9361
176.865
177.9411
180.5266
169.1074
171.0039
162.7268
178.4223
174.4766
178.7871
181.573
167.5315
178.0531
165.4378
168.1995
171.8891
178.4131
178.2251
182.4523
167.7733
171.5044
173.216
171.8193
181.2647
176.4285
173.9203
170.1312
164.1675
175.9689
170.3297
168.7058
172.5372
161.9815
167.2491
180.5262
169.0635
174.4392
175.5276
183.7244
173.6322
172.9505
176.8159
171.8071
179.5028
172.0293
176.0838
173.0355
182.7784
163.1881
183.0885
165.9873
182.1221
169.491
181.5502
173.5404
170.4195
184.0359
174.8376
173.4232
175.2062
166.4868
169.4452
181.7542
178.2792
168.8311
174.901
178.8726
171.6259
164.4651
176.8664
173.6112
174.094
181.9504
178.3599
173.3272
172.165
175.7158
176.5372
174.1564
180.4641
167.5628
175.7423
181.2643
169.6777
173.1251
170.3138
186.8914
180.088
167.1063
179.1926
170.2251
172.2576
180.8558
173.459
176.8442
177.5574
173.2314
180.9772
177.6756
171.1926
177.2856
177.5723
174.0902
178.1259
178.1784
177.6571
167.3953
170.1625
187.1335
179.0763
169.4709
172.9518
169.6491
182.7289
173.2059
184.6454
176.9508
171.1832
172.4249
181.8409
171.9781
177.4579
173.2651
178.4596
180.2053
178.6792
166.4171
175.7463
172.0458
176.8144
172.5438
174.1334
168.1047
185.4287
183.3459
174.1101
177.8047
175.2314
169.2176
174.9916
181.1141
179.8923
175.9971
173.8496
176.6842
172.9519
169.0192
169.0505
168.1639
158.8164
172.1522
178.9935
171.7334
177.3419
178.2328
184.2285
181.7435
185.9277
179.7494
